# id	file_path	transparent_color_r	g	b
[TEXTURES]
0	textures\rambo.png	255	255	255
20	textures\misc.png	176	224	248
#10	textures\grab.png	3	26	110
30	textures\bigGrab.png	0	128	128
40	textures\misson1.png	248	0	248


# id	left	top	right	bottom	texture_id
[SPRITES]
# BIG MARIO 
# idle right
10001	507	1	537	41	0
# walk
10002	539	1	567	42	0		
10003	568	1	599	41	0
10004	600	1	632	42	0
10005	634	1	661	41	0
10006	665	1	694	41	0
# jump
10021	308	191	337	235	0
# shoot
10041	294	59	345	96	0
# idle left
10011	263	1	293	41	0
#walk
10012	233	1	261	42	0
10013	200	1	232	41	0
10014	167	1	199	42	0
10015	138	1	165	41	0
#jump
10031	463	191	492	232	0
#shoot
10051	455	59	506	96	0
# die 
10099	215	120	231	135	0

#BRICK
20001	408	225	424	241	20

#brick with question mark animation
40001	300	117	316	133	20
40002	318	117	334	133	20
40003	336	117	352	133	20
40004	355	117	370	133	20

#KOOPAS
#walk left
50001	16	69	120	150	30
50002	131	181	235	360	30
50003	252	180	359	360	30
50004	370	180	476	360	30
50005	492	179	599	360	30

#walk right
50011	187	191	202	217	30
50012	170	191	185	217	30
#die
50031	152	202	168	217	20

#map
90001	0	0	2375	274	40
90002	1614	859	5025	1086	40

# ani_id	sprite1_id	time1	sprite2_id	time2	...
[ANIMATIONS]

# ==== MARIO =========
#idle BIG right
400	10001	100
#idle BIG left
401	10011	100

#walk right big
500	10002	100	10003	100	10004	100	10005	100	10006	100
#walk left big
501	10011	100	10012	100	10013	100	10014	100	10015	100

#jump right
502	10021	100
#jump left
503	10031	100
#shoot right
504	10041	100
#shoot left
505	10051	100
#die
599	10099	100
#
901	90001	100
902	90002	100

# ==== BRICK =========
601	20001	100

# ==== QUESTION MARK BRICK =========
602	40001	1000	40001	100	40002	100	40003	100	40004	100


# ==== GOOMBA  =========
# walk
701	30001	100	30002	100	30003	100	30004	100	30005	100
# die
702	30011	100	30012	100

# ==== KOOPAS  =========
#walk left
801	50001	100	50002	100	50003	100	50004	100	50005	100
#walk right
802	50001	100	50002	100	50003	100	50004	100	50005	100
#die
803	50031	100

#
# id	ani1	ani2	ani3
#
[ANIMATION_SETS]
# MARIO
1	400	401	500	501	502	503	504	505	599
# BRICK 
2	601
# QUESTION MARK BRICK 
22	602
# GOOMBA
3	701	702
#KOOPAS
4	801	802	803
#
5	901
6	902
[OBJECTS]
# type	x	y	ani_set_id	extra_settings per object type
# type: 0 = Mario , 1 = Brick, 2 = Goomba, 3 = Koopas



# BRICK 
# --- platform (hint: I created the list using Excel!) ----
1	-128	140	2
1	-144	140	2
1	-160	140	2
1	-176	140	2
1	-192	140	2
1	-208	140	2
1	-224	140	2
1	-240	140	2
1	-32	140	2
1	-48	140	2
1	-64	140	2
1	-80	140	2
1	-96	140	2
1	-112	140	2
1	-16	140	2
1	0	150	2
1	16	150	2
1	32	150	2
1	48	150	2
1	64	150	2
1	80	150	2
1	96	150	2
1	112	150	2
1	128	150	2
1	144	150	2
1	160	150	2
1	176	150	2
1	192	150	2
1	208	150	2
1	224	150	2
1	240	150	2
1	256	150	2
1	272	150	2
1	288	160	2
1	304	160	2
1	320	160	2
1	336	160	2
1	352	160	2
1	368	165	2
1	384	165	2
1	400	170	2
1	416	170	2
1	432	175	2
1	448	175	2
1	464	175	2
1	480	175	2
1	496	175	2
1	512	175	2
1	528	175	2
1	544	175	2
1	560	185	2
1	576	185	2
1	592	190	2
1	608	190	2
1	624	190	2
1	640	190	2
1	656	190	2
1	672	190	2
1	688	190	2
1	704	190	2
1	720	190	2
1	736	190	2
1	752	190	2
1	768	190	2
1	784	190	2
1	800	190	2
1	816	190	2
1	832	190	2
1	848	190	2
1	864	190	2
1	880	190	2
1	896	190	2
1	912	190	2
1	928	180	2
1	944	180	2
1	960	180	2
1	976	180	2
1	992	180	2
1	1008	180	2

#
#1	150	124	22

1	-250	-70	5
1	-450	50	6
# MARIO
0	10	-20	1

# KOOPAS
3	20	84	4

# --- SCENE PORTAL ----
# type	l	t	ani_set_id	r	b	scene_id
50	1040	-50	0	1043	150	1