81
0 2
7 31 6 28
7 31 57 79

1 3
7 31 6 28
7 31 29 55
7 31 57 79

2 1
7 31 6 28

3 6
8 100 7 55
8 100 59 139
8 100 142 242
8 100 244 292
8 100 297 377
8 100 380 480

4 6
4 102 2 51
4 102 55 136
4 102 147 247
4 102 247 296
4 102 299 378
4 102 382 479

5 6
4 102 4 55
4 102 58 134
4 102 135 233
4 102 238 287
4 102 291 369
4 102 369 466

6 4
1 102 8 59
1 102 64 140
1 102 142 239
1 102 244 341

7 4
989 1035 354 385
989 1035 511 547
976 1035 622 677
975 1035 687 739

8 4
918 954 179 216
963 1011 303 342
916 954 938 999
918 954 1001 1060

9 5
3 50 1 49
3 50 52 88
3 50 94 126
3 50 127 159
3 50 159 195

10 4
27 62 224 258
27 62 259 293
27 62 294 327
27 62 329 362

11 2
2307 2345 115 156
2307 2345 165 213

12 2
2303 2345 222 270
2303 2345 279 320

13 7
446 489	12 41
446 489	50 79
446 489	88 117
446 489	126 155
446 489	164 193
446 489	202 231
446 489	240 269

14 7
1169 1211 12 54
1169 1211 71 122
1169 1211 131 168
1169 1211 192 229
1169 1211 238 275
1169 1211 284 321
1169 1211 330 367

15 2
2595 2629 88 120
2595 2629 129 171

16 11
231 270	12 44
231 270	53 84
231 270	93 124
231 270	133 165
231 270	174 206
231 270	215 247
231 270	256 283
231 270	292 321
231 270	330 360
231 270	369 401
231 270	410 445

17 10
1444 1480 12 64
1444 1480 73 126
1444 1480 135 174
1444 1480 183 221
1444 1480 230 268
1444 1480 277 316
1444 1480 325 364
1444 1480 373 411
1444 1480 420 455
1444 1480 464 499

18 2
770 807 71 122
770 807 131 183 

19 3
122 160 4 33
122 160 50 79 
122 160 88 118

20 10
2689 2729 12 39
2689 2729 48 79
2689 2729 88 119
2689 2729 128 159
2689 2729 168 200
2689 2729 209 241
2689 2729 250 282
2689 2729 291 318
2689 2729 327 352
2689 2729 361 385

21 5
155 208	18 74
155 208	83 139
155 208	18 74
155 208	83 139
155 208	18 74

22 3
412 458	424 483
412 458	494 550
413 458	563 618

23 4
294 339	22 72
294 339	86 133
286 339	147 189
288 339	203 248

24 2
415 458	211 268
415 459	288 346

25 3
294 339	393 470
293 339	479 556
294 339	566 632

26 3
477 523	86 141
476 523	147 203
477 523	216 273

27 1
26 72 14 67

28 13
891 936	26 82
0 2 0 2
892 936	93 147
0 2 0 2
893 936	190 245
0 2 0 2
891 936 231 289
0 2 0 2
886 936 305 370
0 2 0 2
883 936 382 450
1647 1710 377 457
1137 1139 357 372

29 10
11 58 7 56
9 58 62 108
13 62 113 161
11 62 167 217
11 62 221 271
14 63 277 325
14 61 333 379
14 61 392 438
13 62 445 492
14 65 496 545

30 10
14 65 496 545
13 62 445 492
14 61 392 438
14 61 333 379
14 63 277 325
11 62 221 271
11 62 167 217
13 62 113 161
9 58 62 108
11 58 7 56

31 51
2 33 48 52
2 33 53 59
2 33 59 65
2 33 65 78
2 33 79 88
2 33 88 102
2 33 103 113
2 33 117 128
2 33 131 143
2 33 147 161
2 33 165 178
2 33 184 199
2 33 203 220
2 33 224 241 
2 33 247 264
4 30 274 292
4 30 300 320
4 30 325 346
4 30 353 375
3 28 385 410
3 28 414 438
42 79 24 51
42 79 56 84
42 79 89 117
42 79 123 150
42 79 156 184
42 79 193 222
42 79 228 260
42 79 268 302
42 79 308 341
42 79 349 382
42 79 390 424
42 79 430 466
90 129 36 75
90 132 80 121
93 139 127 166
93 139 173 212
93 139 222 262
93 139 272 313
93 139 319 363
93 139 369 411
93 139 418 462
142 194 13 58
142 194 63 111
146 196 115 163
142 194 170 219
142 194 227 273
148 194 282 329
147 195 336 384
142 194 396 444
142 194 448 495

32 5
93 153 517 550
93 153 559 592
93 153 598 631
93 153 638 671
93 153 680 713

33 4
93 153 347 384
93 153 387 424
93 153 427 464
93 153 467 504

34 8
1571 1587 62 78
1571 1587 81 97
1571 1587 100 117
1571 1587 120 137
1571 1587 140 157
1571 1587 160 177
1571 1587 180 197
1571 1587 483 520

35 8
1571 1587 238 257
1571 1587 260 279
1571 1587 282 305
1571 1587 312 342
1571 1587 353 385
1571 1587 393 428
1571 1587 441 477
1571 1587 483 520

36 1
12 33 91 112

37 2
6 39 1 34
2 43 39 80

38 6
49 74 2 31
49 74 36 70
49 74 75 114
49 74 118 156
49 74 159 198
49 74 205 244

39 2
49 74 250 266
49 74 270 293

40 4
83 115 5 29
83 115 32 79
83 115 83 130
83 115 143 205

41 2
83 115 212 227
83 115 230 255

42 3
2 46 0 97
47 92 0 97
93 139 0 97

43 8
873 887 978 992
873 887 994 1008
873 887 1010 1024
873 887 1026 1040
873 887 1042 1056
873 887 1058 1072
873 887 1075 1089
873 887 1092 1106

44 11
9 56 2 36
9 56 36 97
9 56 97 145
9 56 145 193
9 56 193 239
9 56 239 288
9 56 288 335
9 56 335 386
9 56 386 432 
9 56 432 479
9 56 479 526

45 11
66 117 19 28
66 117 47 96
66 117 98 143
66 117 148 188
66 117 198 234
66 117 241 287
66 117 291 333
66 117 337 383
66 117 388 429
66 117 438 473
66 117 489 520

46 8
124 156 18 35
124 156 102 122
124 156 138 163
124 156 177 206
124 156 218 247
124 156 259 288
124 156 300 329
124 156 344 370

47 12
163 191 2 12
163 191 16 25
163 191 30 39
163 191 43 54
163 191 57 68
163 191 71 84
163 191 84 98
163 191 98 112
163 191 112 126
163 191 126 140
163 191 140 154
163 191 154 168

48 1
200 213 0 11

49 6
225 240 0 8
225 240 11 22
225 240 28 43
225 240 48 63
225 240 70 85
225 240 90 104

50 17
475 528 0 18
475 528 18 35
475 528 35 54
475 528 54 71
475 528 71 90
475 528 90 107
475 528 107 126
475 528 126 143
475 528 143 162
529 583 0 18
529 583 18 35
529 583 35 54
529 583 54 71
529 583 71 90
529 583 90 107
529 583 107 126
529 583 126 143

51 6
1434 1474 1 29
1434 1474 39 68
1434 1474 78 109
1434 1474 119 153
1434 1474 165 202
1434 1474 213 255

52 17
58 107 289 306
58 107 271 288
58 107 253 270
58 107 235 252
58 107 217 234
58 107 199 216
58 107 181 198
58 107 163 180
58 107 145 162
58 107 127 144
58 107 109 126
58 107 91 108
58 107 73 90
58 107 55 72
58 107 37 54 
58 107 19 36
58 107 1 18

53 17
58 107 1 18
58 107 19 36
58 107 37 54 
58 107 55 72
58 107 73 90
58 107 91 108
58 107 109 126
58 107 127 144
58 107 145 162
58 107 163 180
58 107 181 198
58 107 199 216
58 107 217 234
58 107 235 252
58 107 253 270
58 107 271 288
58 107 289 306

54 2
5 16 207 224
21 32 207 224

55 3
15 38 4 27
15 38 33 56
15 38 60 89

56 2 
44 70 4 27
44 70 33 56

57 3
77 105 4 27
77 105 32 55
32 150 97 130

58 3
120 148 2 25
120 148 30 53
120 148 58 81

59 10
12 61 0 46
12 61 51 99
12 61 105 152
12 61 161 209
12 61 221 272
12 61 279 330
12 61 335 385
12 61 390 438
12 61 445 492
12 61 497 544

60 51
69 120 1 49
69 120 54 99
69 120 102 146
69 120 149 191
69 120 196 234
69 120 237 273
69 120 277 311
69 120 313 345
69 120 347 377
69 120 380 408
69 120 411 435
69 120 440 460
69 120 464 478
69 120 486 496
69 120 503 513
69 120 517 525
69 120 529 539
69 120 1 49
69 120 54 99
69 120 102 146
69 120 149 191
69 120 196 234
69 120 237 273
69 120 277 311
69 120 313 345
69 120 347 377
69 120 380 408
69 120 411 435
69 120 440 460
69 120 464 478
69 120 486 496
69 120 503 513
69 120 517 525
69 120 529 539
69 120 1 49
69 120 54 99
69 120 102 146
69 120 149 191
69 120 196 234
69 120 237 273
69 120 277 311
69 120 313 345
69 120 347 377
69 120 380 408
69 120 411 435
69 120 440 460
69 120 464 478
69 120 486 496
69 120 503 513
69 120 517 525
69 120 529 539

61 1
2 91 6 263

62 1
93 182 118 263

63 1
28 77 283 332

64 12
21 35 4 27
21 35 27 44
21 35 44 67
21 35 67 106
21 35 106 138
21 35 138 180 
21 35 180 219
21 35 219 266
21 35 266 313
21 35 313 366
21 35 366 412
21 35 412 452

65 6
162 220 411 448
162 220 456 493
162 220 497 542
162 220 546 591
162 220 593 630
162 220 637 674

65 6
162 220 411 448
162 220 456 493
162 220 497 542
162 220 546 591
162 220 593 630
162 220 637 674

66 19
189 220 10 43
189 220 45 78
189 220 80 113
189 220 115 148
189 220 150 183
189 220 185 218
189 220 220 253
189 220 254 287
189 220 288 321
189 220 322 355
221 252 20 53
221 252 54 87
221 252 88 121
221 252 122 155
221 252 156 189
221 252 190 223
221 252 224 257
221 252 258 291
221 252 292 325

67 3
255 273 156 171
255 273 174 189
255 273 192 207

68 9
2 50 223 239
2 50 204 220
2 50 185 201
2 50 166 182
2 50 147 163
2 50 127 145
2 50 108 125
2 50 89 107
2 50 71 88

69 9
2 50 71 88
2 50 89 107
2 50 108 125
2 50 127 145
2 50 147 163
2 50 166 182
2 50 185 201
2 50 204 220
2 50 223 239

70 1
3 244 3 52

71 1
4 53 63 112

72 6
8 102 6 60
8 102 66 142
8 102 143 243
8 102 251 304
8 102 304 388
8 102 390 488

73 6
8 100 380 480
8 100 297 377
8 100 244 292
8 100 142 242
8 100 59 139
8 100 7 55

74 12
2 98 8 56
2 98 59 139
2 98 140 240
2 98 245 293
2 98 297 377
2 98 377 478
117 212 8 56
117 212 62 142
117 212 145 245
117 212 249 297
117 212 303 382
117 212 382 482

75 6
22 37 7 22
22 37 26 41
18 42 49 72
18 41 76 100
14 46 104 135
14 45 141 174

76 6
18 39 208 228
16 40 229 254
14 41 257 283
12 44 286 318
12 45 322 354
10 45 160 394

77 32
3 88 2 17
3 88 19 34
3 88 36 51
3 88 53 68
3 88 70 85
3 88 87 102
3 88 105 120
3 88 122 137
3 88 139 154
3 88 156 171
3 88 173 188
3 88 190 205
3 88 207 222
3 88 225 240
3 88 242 257
3 88 259 274
3 88 276 291
3 88 293 308
3 88 310 325
3 88 327 342
95 180 2 17
95 180 19 34
95 180 36 51
95 180 53 68
95 180 70 85
95 180 87 102
95 180 105 120
95 180 122 137
95 180 139 154
95 180 156 171
95 180 173 188
95 180 190 205

78 1
14 62 7 103

79 4
335 353 191 213
326 353 217 240
331 353 245 272
330 353 340 368

80 8
3 186 1 216
3 186 216 431
186 369 1 216
186 369 216 431
369 552 1 216
369 552 216 431
552 735 1 216
552 735 216 431
end.